!
! radius 
! arcsec  MEAN         Mag      MagCorr      Lum
!====================================================================
    1.00 8832.10352   16.3372	16.9307     4.4514919e+03   
    2.00 8690.25586   16.3576	16.9512     4.3684894e+03   
    3.00 7509.97705   16.5445	17.1380     3.6778462e+03   
    4.00 5551.39697   16.9499	17.5434     2.5317780e+03   
    5.00 4497.36670   17.2530	17.8466     1.9150095e+03   
    6.00 3910.99609   17.4674	18.0609     1.5718932e+03   
    7.00 3514.65601   17.6407	18.2343     1.3399738e+03   
    8.00 3254.42969   17.7717	18.3652     1.1877017e+03   
    9.00 3082.71802   17.8677	18.4612     1.0872241e+03   
   10.00 2980.08301   17.9294	18.5229     1.0271670e+03   
   11.00 2887.24487   17.9884	18.5819     9.7284251e+02   
   12.00 2798.02686   18.0483	18.6418     9.2063636e+02   
   13.00 2688.45508   18.1266	18.7202     8.5652015e+02   
   14.00 2595.36011   18.1980	18.7915     8.0204538e+02   
   15.00 2529.04028   18.2518	18.8453     7.6323816e+02   
   16.00 2474.71216   18.2980	18.8915     7.3144792e+02   
   17.00 2427.43555   18.3399	18.9334     7.0378389e+02   
   18.00 2387.76050   18.3763	18.9698     6.8056793e+02   
   19.00 2357.59521   18.4048	18.9984     6.6291663e+02   
   20.00 2327.65845   18.4339	19.0274     6.4539906e+02   
   21.00 2286.45532   18.4752	19.0688     6.2128894e+02   
   22.00 2252.93555   18.5101	19.1036     6.0167475e+02   
   23.00 2219.04248   18.5465	19.1400     5.8184214e+02   
   24.00 2183.36963   18.5861	19.1797     5.6096807e+02   
   25.00 2150.27197   18.6243	19.2178     5.4160089e+02   
   26.00 2117.84399   18.6630	19.2565     5.2262557e+02   
   27.00 2085.52686   18.7030	19.2965     5.0371512e+02   
   28.00 2053.45898   18.7442	19.3378     4.8495052e+02   
   29.00 2030.45630   18.7748	19.3683     4.7149044e+02   
   30.00 2014.87610   18.7960	19.3895     4.6237364e+02   
   31.00 2004.65747   18.8101	19.4036     4.5639418e+02   
   32.00 1995.88806   18.8224	19.4159     4.5126274e+02   
   33.00 1983.14099   18.8405	19.4340     4.4380376e+02   
   34.00 1974.01770   18.8536	19.4472     4.3846524e+02   
   35.00 1966.15881   18.8651	19.4586     4.3386659e+02   
   36.00 1947.24939   18.8931	19.4867     4.2280169e+02   
   37.00 1923.88574   18.9288	19.5223     4.0913039e+02   
   38.00 1900.55249   18.9657	19.5592     3.9547688e+02   
   39.00 1876.06970   19.0057	19.5993     3.8115071e+02   
   40.00 1846.97229   19.0553	19.6489     3.6412429e+02   
   41.00 1820.12610   19.1032	19.6968     3.4841517e+02   
   42.00 1800.56030   19.1395	19.7330     3.3696619e+02   
   43.00 1789.70764   19.1602	19.7537     3.3061572e+02   
   44.00 1777.91577   19.1831	19.7766     3.2371568e+02   
   45.00 1765.64417   19.2074	19.8009     3.1653492e+02   
   46.00 1751.36755   19.2365	19.8300     3.0818092e+02   
   47.00 1733.27844   19.2744	19.8679     2.9759603e+02   
   48.00 1710.35461   19.3245	19.9180     2.8418209e+02   
   49.00 1689.05176   19.3732	19.9667     2.7171667e+02   
   50.00 1667.20520   19.4255	20.0190     2.5893310e+02   
   51.00 1647.10168   19.4760	20.0695     2.4716947e+02   
   52.00 1627.40527   19.5278	20.1214     2.3564406e+02   
   53.00 1611.11255   19.5727	20.1662     2.2611034e+02   
   54.00 1602.33850   19.5976	20.1911     2.2097618e+02   
   55.00 1592.49792   19.6263	20.2198     2.1521794e+02   
   56.00 1585.18848   19.6481	20.2416     2.1094080e+02   
   57.00 1578.99426   19.6669	20.2604     2.0731623e+02   
   58.00 1572.84961   19.6859	20.2794     2.0372067e+02   
   59.00 1566.90710   19.7046	20.2981     2.0024340e+02   
   60.00 1560.23889   19.7259	20.3195     1.9634148e+02   
   61.00 1555.14685   19.7425	20.3361     1.9336186e+02   
   62.00 1548.91833   19.7632	20.3567     1.8971722e+02   
   63.00 1544.66882   19.7775	20.3711     1.8723061e+02   
   64.00 1539.35681   19.7957	20.3892     1.8412227e+02   
   65.00 1533.14490   19.8174	20.4109     1.8048736e+02   
   66.00 1527.24890   19.8383	20.4318     1.7703730e+02   
   67.00 1521.68262   19.8585	20.4520     1.7378018e+02   
   68.00 1515.74988   19.8804	20.4739     1.7030862e+02   
   69.00 1510.57397   19.8999	20.4934     1.6727992e+02   
   70.00 1506.69226   19.9147	20.5082     1.6500853e+02   
   71.00 1502.98193   19.9291	20.5226     1.6283742e+02   
   72.00 1498.15051   19.9481	20.5416     1.6001030e+02   
   73.00 1493.08130   19.9684	20.5619     1.5704404e+02   
   74.00 1488.73938   19.9861	20.5797     1.5450335e+02   
   75.00 1484.46545   20.0038	20.5974     1.5200245e+02   
   76.00 1482.21545   20.0133	20.6068     1.5068586e+02   
   77.00 1478.70374   20.0282	20.6217     1.4863097e+02   
   78.00 1475.70215   20.0411	20.6346     1.4687458e+02   
   79.00 1472.04980   20.0570	20.6505     1.4473740e+02   
   80.00 1467.69727   20.0763	20.6698     1.4219050e+02   
   81.00 1461.93225   20.1024	20.6959     1.3881709e+02   
   82.00 1457.28137   20.1239	20.7174     1.3609561e+02   
   83.00 1454.34851   20.1376	20.7312     1.3437944e+02   
   84.00 1451.74402   20.1500	20.7436     1.3285542e+02   
   85.00 1449.30786   20.1617	20.7553     1.3142989e+02   
   86.00 1447.25818   20.1717	20.7652     1.3023052e+02   
   87.00 1444.27539   20.1863	20.7799     1.2848513e+02   
   88.00 1441.44141   20.2004	20.7940     1.2682682e+02   
   89.00 1437.15344   20.2221	20.8157     1.2431770e+02   
   90.00 1432.07263   20.2484	20.8419     1.2134465e+02   
   91.00 1426.25659   20.2793	20.8728     1.1794138e+02   
   92.00 1421.50317   20.3052	20.8987     1.1515990e+02   
   93.00 1416.94714   20.3307	20.9242     1.1249393e+02   
   94.00 1414.15930   20.3465	20.9400     1.1086262e+02   
   95.00 1412.42346   20.3565	20.9500     1.0984689e+02   
   96.00 1410.46790   20.3679	20.9614     1.0870259e+02   
   97.00 1410.48169   20.3678	20.9613     1.0871066e+02   
   98.00 1408.38281   20.3801	20.9737     1.0748249e+02   
   99.00 1405.32336   20.3984	20.9919     1.0569224e+02   
  100.00 1400.86328   20.4255	21.0190     1.0308242e+02   
  101.00 1397.19739   20.4483	21.0419     1.0093731e+02   
  102.00 1394.81946   20.4634	21.0569     9.9545860e+01   
  103.00 1390.50134   20.4913	21.0849     9.7019100e+01   
  104.00 1387.71375   20.5097	21.1033     9.5387934e+01   
  105.00 1385.69556   20.5233	21.1168     9.4206985e+01   
  106.00 1383.22620   20.5400	21.1336     9.2762033e+01   
  107.00 1380.24219   20.5607	21.1542     9.1015931e+01   
  108.00 1377.25159   20.5818	21.1753     8.9265974e+01   
  109.00 1374.86353   20.5989	21.1924     8.7868594e+01   
  110.00 1372.26685   20.6178	21.2114     8.6349140e+01   
  111.00 1369.85962   20.6357	21.2292     8.4940543e+01   
  112.00 1367.74316   20.6516	21.2452     8.3702090e+01   
  113.00 1366.23926   20.6631	21.2566     8.2822079e+01   
  114.00 1365.67993   20.6674	21.2609     8.2494786e+01   
  115.00 1365.95386   20.6653	21.2588     8.2655077e+01   
  116.00 1366.46362   20.6614	21.2549     8.2953364e+01   
  117.00 1365.95789   20.6653	21.2588     8.2657435e+01   
  118.00 1364.60510   20.6757	21.2692     8.1865846e+01   
  119.00 1363.81360   20.6819	21.2754     8.1402698e+01   
  120.00 1361.82031   20.6975	21.2911     8.0236319e+01   
  121.00 1359.95544   20.7124	21.3059     7.9145085e+01   
  122.00 1358.51208   20.7241	21.3176     7.8300499e+01   
  123.00 1356.76001   20.7384	21.3319     7.7275271e+01   
  124.00 1354.88855   20.7539	21.3474     7.6180181e+01   
  125.00 1353.61780   20.7645	21.3580     7.5436598e+01   
  126.00 1352.10669   20.7773	21.3708     7.4552368e+01   
  127.00 1350.12720   20.7943	21.3878     7.3394064e+01   
  128.00 1348.10608   20.8120	21.4055     7.2211401e+01   
  129.00 1346.11926   20.8296	21.4231     7.1048808e+01   
  130.00 1343.98511   20.8488	21.4424     6.9800004e+01   
  131.00 1341.92505   20.8677	21.4613     6.8594554e+01   
  132.00 1340.36780   20.8823	21.4758     6.7683325e+01   
  133.00 1338.84155   20.8967	21.4902     6.6790236e+01   
  134.00 1337.54248   20.9091	21.5026     6.6030082e+01   
  135.00 1335.83130   20.9257	21.5192     6.5028780e+01   
  136.00 1334.17151   20.9420	21.5356     6.4057550e+01   
  137.00 1332.72278   20.9565	21.5500     6.3209821e+01   
  138.00 1331.23718   20.9715	21.5651     6.2340519e+01   
  139.00 1330.11182   20.9831	21.5766     6.1682011e+01   
  140.00 1329.13074   20.9932	21.5868     6.1107930e+01   
  141.00 1328.32495   21.0016	21.5952     6.0636419e+01   
  142.00 1327.39795   21.0114	21.6049     6.0093983e+01   
  143.00 1326.07556   21.0255	21.6190     5.9320183e+01   
  144.00 1324.13611   21.0464	21.6400     5.8185308e+01   
  145.00 1322.22522   21.0675	21.6610     5.7067146e+01   
  146.00 1321.00830   21.0811	21.6747     5.6355062e+01   
  147.00 1319.55908   21.0976	21.6911     5.5507047e+01   
  148.00 1317.74524   21.1186	21.7121     5.4445674e+01   
  149.00 1316.51270   21.1330	21.7266     5.3724450e+01   
  150.00 1315.14172   21.1494	21.7429     5.2922217e+01   
  151.00 1313.66187   21.1673	21.7608     5.2056279e+01   
  152.00 1312.29443   21.1841	21.7776     5.1256118e+01   
  153.00 1311.16162   21.1982	21.7918     5.0593251e+01   
  154.00 1310.07678   21.2120	21.8055     4.9958454e+01   
  155.00 1309.11938   21.2242	21.8177     4.9398229e+01   
  156.00 1307.63501   21.2435	21.8370     4.8529646e+01   
  157.00 1306.11426   21.2635	21.8571     4.7639775e+01   
  158.00 1304.81628   21.2810	21.8745     4.6880258e+01   
  159.00 1303.97681   21.2924	21.8860     4.6389040e+01   
  160.00 1302.58325   21.3117	21.9052     4.5573595e+01   
  161.00 1301.32764   21.3293	21.9229     4.4838871e+01   
  162.00 1300.51392   21.3409	21.9345     4.4362721e+01   
  163.00 1299.87317   21.3501	21.9437     4.3987784e+01   
  164.00 1299.39868   21.3570	21.9505     4.3710135e+01   
  165.00 1298.43079   21.3712	21.9647     4.3143772e+01   
  166.00 1297.79224   21.3806	21.9741     4.2770122e+01   
  167.00 1297.25903   21.3886	21.9821     4.2458113e+01   
  168.00 1297.02087   21.3921	21.9857     4.2318753e+01   
  169.00 1295.93591   21.4086	22.0021     4.1683886e+01   
  170.00 1294.27710   21.4341	22.0277     4.0713229e+01   
  171.00 1293.48047   21.4466	22.0402     4.0247078e+01   
  172.00 1292.29944   21.4654	22.0590     3.9555996e+01   
  173.00 1291.40344   21.4799	22.0735     3.9031699e+01   
  174.00 1290.47595   21.4951	22.0887     3.8488976e+01   
  175.00 1289.28406   21.5150	22.1085     3.7791538e+01   
  176.00 1288.46924   21.5288	22.1223     3.7314744e+01   
  177.00 1287.42676   21.5467	22.1402     3.6704734e+01   
  178.00 1286.30994   21.5662	22.1597     3.6051224e+01   
  179.00 1285.34387   21.5833	22.1769     3.5485925e+01   
  180.00 1284.70862   21.5948	22.1883     3.5114207e+01   
  181.00 1283.91431   21.6092	22.2028     3.4649414e+01   
  182.00 1283.01282   21.6259	22.2194     3.4121905e+01   
  183.00 1282.21533   21.6408	22.2344     3.3655252e+01   
  184.00 1281.72839   21.6501	22.2436     3.3370317e+01   
  185.00 1281.13318   21.6615	22.2550     3.3022029e+01   
  186.00 1280.59546   21.6719	22.2654     3.2707380e+01   
  187.00 1279.84485   21.6865	22.2801     3.2268159e+01   
  188.00 1279.10657   21.7012	22.2947     3.1836152e+01   
  189.00 1278.45618   21.7142	22.3078     3.1455575e+01   
  190.00 1277.95422   21.7244	22.3179     3.1161852e+01   
  191.00 1277.49658   21.7338	22.3273     3.0894062e+01   
  192.00 1276.86365   21.7469	22.3404     3.0523702e+01   
  193.00 1276.74426   21.7494	22.3429     3.0453840e+01   
  194.00 1276.43567   21.7558	22.3494     3.0273268e+01   
  195.00 1276.69543   21.7504	22.3439     3.0425267e+01   
  196.00 1276.02502   21.7645	22.3580     3.0032975e+01   
  197.00 1275.29724   21.7800	22.3735     2.9607113e+01   
  198.00 1274.90747   21.7884	22.3819     2.9379038e+01   
  199.00 1274.65942   21.7938	22.3873     2.9233890e+01   
  200.00 1274.12842   21.8054	22.3989     2.8923174e+01   
  201.00 1273.27637   21.8242	22.4178     2.8424595e+01   
  202.00 1272.59961   21.8395	22.4330     2.8028587e+01   
  203.00 1271.68726   21.8603	22.4539     2.7494723e+01   
  204.00 1270.94934   21.8775	22.4711     2.7062927e+01   
  205.00 1270.48145   21.8886	22.4821     2.6789140e+01   
  206.00 1270.14917   21.8965	22.4900     2.6594705e+01   
  207.00 1269.75220   21.9060	22.4995     2.6362417e+01   
  208.00 1269.09241   21.9220	22.5156     2.5976340e+01   
  209.00 1268.79822   21.9292	22.5228     2.5804193e+01   
  210.00 1268.44788   21.9379	22.5314     2.5599191e+01   
  211.00 1268.29895   21.9416	22.5351     2.5512044e+01   
  212.00 1267.92102   21.9511	22.5446     2.5290898e+01   
  213.00 1267.48596   21.9620	22.5556     2.5036321e+01   
  214.00 1267.04932   21.9732	22.5667     2.4780820e+01   
  215.00 1266.40186   21.9899	22.5834     2.4401957e+01   
  216.00 1266.38123   21.9904	22.5840     2.4389885e+01   
  217.00 1266.06970   21.9986	22.5921     2.4207593e+01   
  218.00 1266.46130   21.9884	22.5819     2.4436738e+01   
  219.00 1267.18176   21.9698	22.5633     2.4858318e+01   
  220.00 1266.49243   21.9876	22.5811     2.4454954e+01   
  221.00 1265.72852   22.0076	22.6011     2.4007950e+01   
  222.00 1264.41882   22.0428	22.6363     2.3241576e+01   
  223.00 1263.71521   22.0622	22.6557     2.2829856e+01   
  224.00 1263.15369   22.0780	22.6715     2.2501281e+01   
  225.00 1262.43115   22.0985	22.6921     2.2078485e+01   
  226.00 1262.24097   22.1040	22.6976     2.1967201e+01   
  227.00 1261.94421   22.1127	22.7062     2.1793551e+01   
  228.00 1261.77405   22.1176	22.7112     2.1693981e+01   
  229.00 1261.64294   22.1215	22.7150     2.1617262e+01   
  230.00 1261.20508   22.1344	22.7279     2.1361047e+01   
  231.00 1261.02734   22.1397	22.7332     2.1257042e+01   
  232.00 1260.84924   22.1451	22.7386     2.1152826e+01   
  233.00 1260.84265   22.1452	22.7388     2.1148970e+01   
  234.00 1260.34143   22.1604	22.7539     2.0855680e+01   
  235.00 1259.77100   22.1779	22.7715     2.0521891e+01   
  236.00 1259.23694   22.1946	22.7881     2.0209385e+01   
  237.00 1259.08496   22.1994	22.7929     2.0120453e+01   
  238.00 1259.18799   22.1961	22.7897     2.0180741e+01   
  239.00 1259.00977   22.2018	22.7953     2.0076455e+01   
  240.00 1258.44836   22.2197	22.8132     1.9747945e+01   
  241.00 1258.12573   22.2301	22.8236     1.9559157e+01   
  242.00 1257.93970   22.2362	22.8297     1.9450301e+01   
  243.00 1257.55652   22.2487	22.8423     1.9226082e+01   
  244.00 1257.13025   22.2629	22.8565     1.8976649e+01   
  245.00 1256.69104   22.2777	22.8713     1.8719644e+01   
  246.00 1256.45642   22.2857	22.8792     1.8582356e+01   
  247.00 1256.33704   22.2898	22.8833     1.8512500e+01   
  248.00 1256.03650   22.3002	22.8937     1.8336639e+01   
  249.00 1255.98047   22.3021	22.8956     1.8303852e+01   
  250.00 1255.85986   22.3063	22.8998     1.8233277e+01   
  251.00 1255.24316   22.3280	22.9215     1.7872413e+01   
  252.00 1254.79871   22.3439	22.9375     1.7612342e+01   
  253.00 1254.64124   22.3496	22.9432     1.7520198e+01   
  254.00 1254.45117   22.3565	22.9501     1.7408978e+01   
  255.00 1254.12939   22.3683	22.9619     1.7220688e+01   
  256.00 1253.98633   22.3736	22.9672     1.7136976e+01   
  257.00 1253.72546   22.3834	22.9769     1.6984327e+01   
  258.00 1253.20020   22.4032	22.9967     1.6676970e+01   
  259.00 1252.86926   22.4159	23.0094     1.6483319e+01   
  260.00 1252.43054   22.4329	23.0264     1.6226601e+01   
  261.00 1251.88562   22.4545	23.0480     1.5907740e+01   
  262.00 1251.60364   22.4658	23.0593     1.5742738e+01   
  263.00 1251.30603   22.4778	23.0714     1.5568591e+01   
  264.00 1250.95862   22.4921	23.0856     1.5365303e+01   
  265.00 1250.59045   22.5075	23.1010     1.5149868e+01   
  266.00 1250.23083   22.5226	23.1162     1.4939435e+01   
  267.00 1249.79883   22.5412	23.1347     1.4686649e+01   
  268.00 1249.35608   22.5605	23.1540     1.4427573e+01   
  269.00 1249.27173   22.5642	23.1577     1.4378215e+01   
  270.00 1249.11267   22.5713	23.1648     1.4285141e+01   
  271.00 1248.89746   22.5809	23.1744     1.4159210e+01   
  272.00 1248.39111   22.6038	23.1974     1.3862918e+01   
  273.00 1247.99988   22.6219	23.2154     1.3633989e+01   
  274.00 1247.67725   22.6371	23.2306     1.3445201e+01   
  275.00 1247.28101   22.6559	23.2495     1.3213340e+01   
  276.00 1247.16272   22.6616	23.2552     1.3144122e+01   
  277.00 1246.76648   22.6810	23.2745     1.2912261e+01   
  278.00 1246.63623   22.6874	23.2809     1.2836045e+01   
  279.00 1246.83350   22.6777	23.2712     1.2951478e+01   
  280.00 1246.45862   22.6962	23.2897     1.2732116e+01   
  281.00 1245.77563   22.7308	23.3244     1.2332463e+01   
  282.00 1245.51709   22.7442	23.3378     1.2181177e+01   
  283.00 1245.43677   22.7484	23.3420     1.2134178e+01   
  284.00 1245.31909   22.7546	23.3482     1.2065317e+01   
  285.00 1244.86768   22.7787	23.3722     1.1801173e+01   
  286.00 1244.74683   22.7852	23.3787     1.1730458e+01   
  287.00 1244.58936   22.7937	23.3873     1.1638314e+01   
  288.00 1244.44714   22.8015	23.3951     1.1555093e+01   
  289.00 1244.30725   22.8093	23.4028     1.1473236e+01   
  290.00 1243.96936   22.8281	23.4217     1.1275519e+01   
  291.00 1243.88525   22.8329	23.4264     1.1226302e+01   
  292.00 1243.55737   22.8516	23.4451     1.1034442e+01   
  293.00 1243.42139   22.8595	23.4530     1.0954873e+01   
  294.00 1243.60181   22.8490	23.4426     1.1060446e+01   
  295.00 1243.41003   22.8601	23.4536     1.0948225e+01   
  296.00 1243.17664   22.8737	23.4673     1.0811657e+01   
  297.00 1243.12354   22.8769	23.4704     1.0780585e+01   
  298.00 1242.70239   22.9020	23.4955     1.0534148e+01   
  299.00 1242.23279   22.9307	23.5242     1.0259360e+01   
  300.00 1242.02649   22.9435	23.5371     1.0138643e+01   
  301.00 1241.83337   22.9557	23.5492     1.0025638e+01   
  302.00 1241.72217   22.9628	23.5563     9.9605695e+00   
  303.00 1241.71741   22.9631	23.5566     9.9577842e+00   
  304.00 1241.61658   22.9695	23.5630     9.8987832e+00   
  305.00 1241.65771   22.9669	23.5604     9.9228505e+00   
  306.00 1241.46912   22.9790	23.5726     9.8124966e+00   
  307.00 1241.10156   23.0031	23.5966     9.5974179e+00   
  308.00 1240.97449   23.0115	23.6051     9.5230625e+00   
  309.00 1240.63062   23.0347	23.6282     9.3218460e+00   
  310.00 1240.32922   23.0555	23.6490     9.1454810e+00   
  311.00 1240.22229   23.0629	23.6564     9.0829106e+00   
  312.00 1239.98743   23.0795	23.6730     8.9454817e+00   
  313.00 1239.82983   23.0907	23.6842     8.8532616e+00   
  314.00 1239.71155   23.0992	23.6928     8.7840497e+00   
  315.00 1239.76111   23.0957	23.6892     8.8130499e+00   
  316.00 1239.65723   23.1032	23.6967     8.7522642e+00   
  317.00 1239.49280   23.1152	23.7087     8.6560476e+00   
  318.00 1239.46875   23.1169	23.7105     8.6419746e+00   
  319.00 1239.33838   23.1266	23.7201     8.5656883e+00   
  320.00 1239.14087   23.1413	23.7348     8.4501148e+00   
  321.00 1238.97119   23.1541	23.7477     8.3508261e+00   
  322.00 1238.86133   23.1625	23.7561     8.2865412e+00   
  323.00 1238.86755   23.1621	23.7556     8.2901808e+00   
  324.00 1238.80542   23.1668	23.7604     8.2538253e+00   
  325.00 1238.96436   23.1547	23.7482     8.3468295e+00   
  326.00 1238.91736   23.1583	23.7518     8.3193273e+00   
  327.00 1238.91174   23.1587	23.7522     8.3160387e+00   
  328.00 1238.75134   23.1710	23.7645     8.2221802e+00   
  329.00 1238.27039   23.2088	23.8023     7.9407510e+00   
  330.00 1238.01819   23.2292	23.8227     7.7931755e+00   
  331.00 1237.90527   23.2384	23.8320     7.7271001e+00   
  332.00 1237.91162   23.2379	23.8314     7.7308158e+00   
  333.00 1237.77942   23.2488	23.8424     7.6534586e+00   
  334.00 1237.48328   23.2737	23.8672     7.4801715e+00   
  335.00 1237.40796   23.2801	23.8736     7.4360978e+00   
  336.00 1237.29504   23.2898	23.8833     7.3700223e+00   
  337.00 1237.20886   23.2973	23.8908     7.3195938e+00   
  338.00 1237.18030   23.2997	23.8933     7.3028819e+00   
  339.00 1236.97693   23.3176	23.9111     7.1838794e+00   
  340.00 1236.79492   23.3338	23.9273     7.0773757e+00   
  341.00 1236.67163   23.3449	23.9384     7.0052322e+00   
  342.00 1236.61487   23.3501	23.9436     6.9720190e+00   
  343.00 1236.60376   23.3511	23.9446     6.9655179e+00   
  344.00 1236.43958   23.3662	23.9597     6.8694476e+00   
  345.00 1236.36707   23.3729	23.9664     6.8270181e+00   
  346.00 1236.26587   23.3824	23.9759     6.7678007e+00   
  347.00 1236.20068   23.3885	23.9820     6.7296546e+00   
  348.00 1236.18970   23.3895	23.9831     6.7232296e+00   
  349.00 1235.98474   23.4091	24.0026     6.6032967e+00   
  350.00 1235.92395   23.4149	24.0085     6.5677253e+00   
  351.00 1236.03467   23.4043	23.9978     6.6325134e+00   
  352.00 1235.87488   23.4197	24.0132     6.5390118e+00   
  353.00 1235.80225   23.4268	24.0203     6.4965122e+00   
  354.00 1235.67114   23.4397	24.0332     6.4197928e+00   
  355.00 1235.50134   23.4566	24.0501     6.3204339e+00   
  356.00 1235.54126   23.4526	24.0461     6.3437932e+00   
  357.00 1235.30615   23.4764	24.0699     6.2062179e+00   
  358.00 1235.27405   23.4797	24.0732     6.1874345e+00   
  359.00 1235.11292   23.4964	24.0899     6.0931488e+00   
  360.00 1234.92725   23.5159	24.1094     5.9845035e+00   
  361.00 1234.94897   23.5136	24.1071     5.9972130e+00   
  362.00 1234.78894   23.5307	24.1242     5.9035711e+00   
  363.00 1234.78503   23.5311	24.1246     5.9012831e+00   
  364.00 1234.82874   23.5264	24.1199     5.9268601e+00   
  365.00 1234.75439   23.5344	24.1279     5.8833540e+00   
  366.00 1234.55615   23.5560	24.1496     5.7673533e+00   
  367.00 1234.62061   23.5490	24.1425     5.8050723e+00   
  368.00 1234.38477   23.5751	24.1686     5.6670699e+00   
  369.00 1234.27869   23.5870	24.1806     5.6049969e+00   
  370.00 1234.21423   23.5944	24.1879     5.5672779e+00   
  371.00 1234.12292   23.6048	24.1984     5.5138476e+00   
  372.00 1234.07642   23.6102	24.2037     5.4866380e+00   
  373.00 1234.00024   23.6191	24.2126     5.4420611e+00   
  374.00 1233.86011   23.6355	24.2291     5.3600636e+00   
  375.00 1233.84924   23.6368	24.2304     5.3537030e+00   
  376.00 1233.83105   23.6390	24.2325     5.3430591e+00   
  377.00 1233.92249   23.6282	24.2217     5.3965655e+00   
  378.00 1233.93860   23.6263	24.2198     5.4059923e+00   
  379.00 1233.88440   23.6327	24.2262     5.3742770e+00   
  380.00 1233.87549   23.6337	24.2273     5.3690633e+00   
  381.00 1233.59094   23.6679	24.2615     5.2025581e+00   
  382.00 1233.46118   23.6839	24.2774     5.1266287e+00   
  383.00 1233.46387   23.6836	24.2771     5.1282027e+00   
  384.00 1233.46118   23.6839	24.2774     5.1266287e+00   
  385.00 1233.41711   23.6894	24.2829     5.1008410e+00   
  386.00 1233.37219   23.6950	24.2885     5.0745559e+00   
  387.00 1233.37244   23.6949	24.2885     5.0747022e+00   
  388.00 1233.15454   23.7226	24.3161     4.9471974e+00   
  389.00 1233.12231   23.7267	24.3202     4.9283379e+00   
  390.00 1233.21643   23.7147	24.3082     4.9834125e+00   
  391.00 1233.27100   23.7077	24.3012     5.0153443e+00   
  392.00 1233.14807   23.7234	24.3169     4.9434115e+00   
  393.00 1233.00659   23.7417	24.3353     4.8606241e+00   
  394.00 1232.90955   23.7545	24.3480     4.8038409e+00   
  395.00 1232.88501   23.7578	24.3513     4.7894812e+00   
  396.00 1232.75818   23.7747	24.3682     4.7152663e+00   
  397.00 1232.72974   23.7785	24.3721     4.6986245e+00   
  398.00 1232.76208   23.7742	24.3677     4.7175484e+00   
  399.00 1232.80530   23.7684	24.3619     4.7428387e+00   
  400.00 1232.86035   23.7610	24.3546     4.7750513e+00   
  
