! radius
! arcsec   MEAN         MAG      MAGCORR  LUM
!===================================================
    1.00  1898.76318   18.9685   19.6377  367.9057
    2.00  1912.26538   18.9470   19.6161  375.2753
    3.00  1932.15149   18.9161   19.5852  386.1292
    4.00  1916.87061   18.9398   19.6089  377.7888
    5.00  1893.74683   18.9767   19.6458  365.1678
    6.00  1876.65735   19.0048   19.6739  355.8403
    7.00  1858.20544   19.0359   19.7050  345.7692
    8.00  1852.60706   19.0456   19.7147  342.7136
    9.00  1853.49365   19.0440   19.7131  343.1975
   10.00  1846.26392   19.0566   19.7257  339.2515
   11.00  1846.10828   19.0569   19.7260  339.1665
   12.00  1838.48621   19.0703   19.7394  335.0064
   13.00  1830.35583   19.0847   19.7538  330.5688
   14.00  1829.76636   19.0858   19.7549  330.2471
   15.00  1830.92749   19.0837   19.7528  330.8808
   16.00  1831.37988   19.0829   19.7520  331.1277
   17.00  1805.62122   19.1300   19.7991  317.0686
   18.00  1786.41370   19.1665   19.8356  306.5851
   19.00  1776.23303   19.1864   19.8555  301.0284
   20.00  1767.89905   19.2029   19.8720  296.4797
   21.00  1758.90942   19.2210   19.8901  291.5731
   22.00  1747.24744   19.2450   19.9141  285.2080
   23.00  1736.44861   19.2677   19.9368  279.3140
   24.00  1722.11145   19.2985   19.9676  271.4887
   25.00  1715.93164   19.3121   19.9812  268.1157
   26.00  1712.69812   19.3193   19.9884  266.3509
   27.00  1700.43164   19.3469   20.0160  259.6558
   28.00  1688.82715   19.3737   20.0428  253.3220
   29.00  1678.11414   19.3991   20.0682  247.4748
   30.00  1667.90588   19.4238   20.0929  241.9031
   31.00  1662.26672   19.4377   20.1068  238.8253
   32.00  1656.04480   19.4532   20.1223  235.4293
   33.00  1652.41418   19.4624   20.1315  233.4477
   34.00  1641.90527   19.4894   20.1585  227.7119
   35.00  1634.17383   19.5097   20.1788  223.4921
   36.00  1628.39905   19.5252   20.1943  220.3402
   37.00  1621.87000   19.5429   20.2120  216.7766
   38.00  1612.60840   19.5685   20.2376  211.7216
   39.00  1606.51697   19.5857   20.2548  208.3969
   40.00  1599.23218   19.6066   20.2757  204.4208
   41.00  1590.66101   19.6317   20.3008  199.7426
   42.00  1582.81262   19.6553   20.3244  195.4590
   43.00  1577.02405   19.6729   20.3421  192.2995
   44.00  1574.53870   19.6806   20.3497  190.9430
   45.00  1570.77258   19.6924   20.3615  188.8875
   46.00  1565.18445   19.7101   20.3792  185.8375
   47.00  1559.54541   19.7282   20.3973  182.7597
   48.00  1552.55884   19.7511   20.4202  178.9464
   49.00  1547.80750   19.7669   20.4360  176.3531
   50.00  1542.97498   19.7833   20.4524  173.7155
   51.00  1540.02893   19.7934   20.4625  172.1075
   52.00  1538.45813   19.7988   20.4679  171.2501
   53.00  1533.37000   19.8166   20.4857  168.4730
   54.00  1527.69934   19.8367   20.5058  165.3780
   55.00  1525.16638   19.8458   20.5149  163.9955
   56.00  1522.27002   19.8563   20.5254  162.4146
   57.00  1516.87085   19.8762   20.5453  159.4677
   58.00  1512.74561   19.8916   20.5608  157.2162
   59.00  1512.73181   19.8917   20.5608  157.2086
   60.00  1510.96826   19.8984   20.5675  156.2461
   61.00  1506.10706   19.9170   20.5861  153.5928
   62.00  1502.59412   19.9306   20.5997  151.6755
   63.00  1499.79797   19.9416   20.6107  150.1493
   64.00  1495.04395   19.9605   20.6296  147.5546
   65.00  1489.69714   19.9822   20.6513  144.6363
   66.00  1487.25598   19.9922   20.6614  143.3039
   67.00  1484.20496   20.0049   20.6740  141.6386
   68.00  1481.24207   20.0174   20.6865  140.0214
   69.00  1478.87634   20.0275   20.6966  138.7302
   70.00  1477.45093   20.0336   20.7027  137.9522
   71.00  1486.13428   19.9969   20.6660  142.6916
   72.00  1500.46863   19.9389   20.6080  150.5154
   73.00  1484.04773   20.0056   20.6747  141.5528
   74.00  1480.06567   20.0224   20.6915  139.3794
   75.00  1485.69678   19.9987   20.6678  142.4528
   76.00  1473.21021   20.0519   20.7210  135.6376
   77.00  1453.38745   20.1422   20.8113  124.8183
   78.00  1445.30505   20.1813   20.8504  120.4069
   79.00  1441.69287   20.1992   20.8683  118.4354
   80.00  1438.40710   20.2158   20.8849  116.6420
   81.00  1435.84338   20.2289   20.8980  115.2427
   82.00  1435.49670   20.2306   20.8998  115.0535
   83.00  1434.57166   20.2354   20.9045  114.5486
   84.00  1435.06897   20.2328   20.9020  114.8200
   85.00  1433.37256   20.2416   20.9107  113.8941
   86.00  1433.02710   20.2434   20.9125  113.7056
   87.00  1435.75757   20.2293   20.8984  115.1959
   88.00  1434.16553   20.2375   20.9066  114.3269
   89.00  1427.71448   20.2715   20.9406  110.8059
   90.00  1426.76587   20.2766   20.9457  110.2882
   91.00  1427.49329   20.2727   20.9418  110.6852
   92.00  1426.37842   20.2787   20.9478  110.0767
   93.00  1423.70935   20.2931   20.9622  108.6199
   94.00  1421.76343   20.3038   20.9729  107.5578
   95.00  1420.47266   20.3109   20.9800  106.8533
   96.00  1419.96045   20.3138   20.9829  106.5738
   97.00  1420.26221   20.3121   20.9812  106.7385
   98.00  1421.05981   20.3077   20.9768  107.1738
   99.00  1421.14966   20.3072   20.9763  107.2228
  100.00  1418.93018   20.3195   20.9886  106.0114
  101.00  1418.60413   20.3213   20.9904  105.8335
  102.00  1417.52515   20.3274   20.9965  105.2446
  103.00  1416.58240   20.3327   21.0018  104.7300
  104.00  1414.05164   20.3471   21.0162  103.3487
  105.00  1412.55530   20.3557   21.0249  102.5320
  106.00  1410.79578   20.3660   21.0351  101.5716
  107.00  1408.19458   20.3812   21.0504  100.1519
  108.00  1406.50769   20.3913   21.0604   99.2312
  109.00  1405.45898   20.3976   21.0667   98.6588
  110.00  1403.46521   20.4096   21.0787   97.5706
  111.00  1402.33838   20.4165   21.0856   96.9556
  112.00  1401.70679   20.4203   21.0894   96.6109
  113.00  1400.16638   20.4298   21.0989   95.7701
  114.00  1397.56311   20.4460   21.1152   94.3492
  115.00  1393.79785   20.4700   21.1391   92.2941
  116.00  1393.20776   20.4738   21.1429   91.9721
  117.00  1394.22473   20.4672   21.1363   92.5271
  118.00  1393.57227   20.4714   21.1405   92.1710
  119.00  1392.10791   20.4809   21.1500   91.3718
  120.00  1392.19080   20.4803   21.1494   91.4170
  121.00  1391.93823   20.4820   21.1511   91.2791
  122.00  1391.25635   20.4864   21.1555   90.9070
  123.00  1390.99329   20.4881   21.1572   90.7634
  124.00  1391.25171   20.4864   21.1555   90.9044
  125.00  1388.39075   20.5052   21.1743   89.3429
  126.00  1385.95361   20.5215   21.1906   88.0127
  127.00  1384.19031   20.5335   21.2026   87.0503
  128.00  1382.45508   20.5453   21.2145   86.1032
  129.00  1381.70312   20.5505   21.2196   85.6928
  130.00  1380.20886   20.5609   21.2300   84.8772
  131.00  1378.35352   20.5739   21.2431   83.8646
  132.00  1377.53577   20.5797   21.2488   83.4182
  133.00  1375.77966   20.5923   21.2614   82.4597
  134.00  1375.24646   20.5961   21.2652   82.1687
  135.00  1373.30737   20.6102   21.2793   81.1104
  136.00  1371.40417   20.6242   21.2933   80.0716
  137.00  1370.74951   20.6290   21.2982   79.7143
  138.00  1369.46570   20.6386   21.3077   79.0136
  139.00  1369.45410   20.6387   21.3078   79.0072
  140.00  1367.89978   20.6504   21.3196   78.1589
  141.00  1365.48804   20.6689   21.3380   76.8425
  142.00  1364.29895   20.6781   21.3472   76.1935
  143.00  1362.03101   20.6959   21.3650   74.9557
  144.00  1360.58435   20.7074   21.3765   74.1661
  145.00  1359.98230   20.7122   21.3813   73.8375
  146.00  1358.12390   20.7272   21.3963   72.8232
  147.00  1356.40540   20.7413   21.4104   71.8852
  148.00  1355.67285   20.7473   21.4165   71.4854
  149.00  1357.91492   20.7289   21.3980   72.7091
  150.00  1364.38171   20.6775   21.3466   76.2387
  151.00  1364.98279   20.6728   21.3419   76.5668
  152.00  1372.39392   20.6169   21.2860   80.6118
  153.00  1375.17590   20.5966   21.2657   82.1302
  154.00  1370.20850   20.6331   21.3022   79.4190
  155.00  1352.77087   20.7717   21.4408   69.9015
  156.00  1343.87280   20.8499   21.5190   65.0449
  157.00  1364.43286   20.6771   21.3462   76.2666
  158.00  1353.54675   20.7651   21.4342   70.3250
  159.00  1348.56311   20.8079   21.4771   67.6049
  160.00  1345.62646   20.8340   21.5031   66.0020
  161.00  1344.48499   20.8443   21.5134   65.3790
  162.00  1343.13074   20.8566   21.5257   64.6399
  163.00  1342.11267   20.8660   21.5351   64.0842
  164.00  1342.40137   20.8633   21.5325   64.2418
  165.00  1342.15234   20.8656   21.5348   64.1058
  166.00  1339.84766   20.8872   21.5563   62.8479
  167.00  1339.37964   20.8916   21.5607   62.5925
  168.00  1339.22974   20.8930   21.5621   62.5107
  169.00  1339.18127   20.8935   21.5626   62.4842
  170.00  1337.41211   20.9104   21.5795   61.5186
  171.00  1336.93030   20.9150   21.5841   61.2556
  172.00  1337.58203   20.9087   21.5778   61.6114
  173.00  1338.03870   20.9044   21.5735   61.8606
  174.00  1337.09924   20.9134   21.5825   61.3479
  175.00  1335.14221   20.9325   21.6016   60.2797
  176.00  1334.28735   20.9409   21.6100   59.8131
  177.00  1333.35754   20.9502   21.6193   59.3056
  178.00  1331.85925   20.9652   21.6343   58.4878
  179.00  1330.35327   20.9806   21.6497   57.6659
  180.00  1329.29175   20.9916   21.6607   57.0865
  181.00  1329.85242   20.9858   21.6549   57.3925
  182.00  1328.89587   20.9957   21.6648   56.8704
  183.00  1328.34570   21.0014   21.6705   56.5701
  184.00  1329.53235   20.9891   21.6582   57.2178
  185.00  1331.97559   20.9640   21.6332   58.5513
  186.00  1333.45483   20.9492   21.6183   59.3587
  187.00  1328.88660   20.9958   21.6649   56.8654
  188.00  1325.52722   21.0314   21.7005   55.0318
  189.00  1323.79199   21.0502   21.7193   54.0847
  190.00  1323.22534   21.0564   21.7255   53.7754
  191.00  1324.58167   21.0416   21.7107   54.5157
  192.00  1339.02441   20.8950   21.5641   62.3986
  193.00  1348.29004   20.8103   21.4795   67.4558
  194.00  1334.20178   20.9417   21.6109   59.7664
  195.00  1323.60413   21.0523   21.7214   53.9822
  196.00  1321.49561   21.0757   21.7448   52.8313
  197.00  1319.64270   21.0966   21.7658   51.8200
  198.00  1319.15112   21.1023   21.7714   51.5517
  199.00  1317.60120   21.1202   21.7894   50.7058
  200.00  1316.38635   21.1345   21.8036   50.0427
  201.00  1315.57483   21.1442   21.8133   49.5998
  202.00  1315.17578   21.1490   21.8181   49.3820
  203.00  1314.14136   21.1615   21.8306   48.8174
  204.00  1313.91382   21.1642   21.8333   48.6932
  205.00  1313.98914   21.1633   21.8324   48.7343
  206.00  1311.82007   21.1900   21.8591   47.5504
  207.00  1310.28784   21.2093   21.8784   46.7141
  208.00  1309.70007   21.2168   21.8859   46.3933
  209.00  1308.91785   21.2268   21.8959   45.9664
  210.00  1308.63110   21.2305   21.8996   45.8099
  211.00  1308.30298   21.2347   21.9039   45.6308
  212.00  1308.51453   21.2320   21.9011   45.7462
  213.00  1308.39502   21.2336   21.9027   45.6810
  214.00  1307.98596   21.2389   21.9080   45.4577
  215.00  1308.14270   21.2368   21.9059   45.5433
  216.00  1306.91663   21.2529   21.9220   44.8741
  217.00  1306.26721   21.2615   21.9306   44.5196
  218.00  1306.84375   21.2539   21.9230   44.8343
  219.00  1306.74390   21.2552   21.9243   44.7798
  220.00  1305.59265   21.2705   21.9396   44.1515
  221.00  1304.99329   21.2786   21.9477   43.8243
  222.00  1307.16406   21.2496   21.9187   45.0091
  223.00  1307.77490   21.2416   21.9107   45.3425
  224.00  1305.02783   21.2781   21.9472   43.8432
  225.00  1304.34888   21.2874   21.9565   43.4726
  226.00  1302.95544   21.3065   21.9756   42.7121
  227.00  1302.64978   21.3108   21.9799   42.5452
  228.00  1303.00537   21.3058   21.9749   42.7393
  229.00  1301.98706   21.3200   21.9891   42.1835
  230.00  1301.75928   21.3232   21.9923   42.0592
  231.00  1301.88184   21.3215   21.9906   42.1261
  232.00  1302.22131   21.3167   21.9859   42.3114
  233.00  1304.26184   21.2885   21.9576   43.4251
  234.00  1303.61938   21.2973   21.9665   43.0744
  235.00  1299.35022   21.3577   22.0268   40.7443
  236.00  1299.11328   21.3612   22.0303   40.6150
  237.00  1297.67371   21.3824   22.0515   39.8293
  238.00  1296.39600   21.4016   22.0707   39.1319
  239.00  1296.10388   21.4060   22.0751   38.9725
  240.00  1296.17236   21.4050   22.0741   39.0098
  241.00  1296.52856   21.3996   22.0687   39.2043
  242.00  1295.09668   21.4214   22.0905   38.4227
  243.00  1293.27820   21.4498   22.1189   37.4302
  244.00  1292.47791   21.4626   22.1317   36.9934
  245.00  1292.14124   21.4680   22.1371   36.8096
  246.00  1291.63477   21.4762   22.1453   36.5332
  247.00  1292.12756   21.4682   22.1373   36.8022
  248.00  1291.60669   21.4766   22.1457   36.5179
  249.00  1291.61719   21.4765   22.1456   36.5236
  250.00  1290.63977   21.4924   22.1615   35.9901
  251.00  1290.65063   21.4923   22.1614   35.9961
  252.00  1290.13452   21.5008   22.1699   35.7144
  253.00  1288.62793   21.5261   22.1952   34.8921
  254.00  1287.93616   21.5379   22.2070   34.5145
  255.00  1287.10901   21.5522   22.2213   34.0630
  256.00  1285.64990   21.5779   22.2470   33.2666
  257.00  1285.23474   21.5853   22.2544   33.0400
  258.00  1285.45959   21.5813   22.2504   33.1628
  259.00  1284.48303   21.5989   22.2680   32.6298
  260.00  1283.36926   21.6193   22.2884   32.0219
  261.00  1283.23267   21.6218   22.2909   31.9473
  262.00  1282.57812   21.6340   22.3031   31.5901
  263.00  1281.73706   21.6499   22.3190   31.1310
  264.00  1281.41382   21.6561   22.3252   30.9546
  265.00  1280.61292   21.6715   22.3406   30.5174
  266.00  1279.86133   21.6862   22.3553   30.1072
  267.00  1279.71826   21.6890   22.3581   30.0291
  268.00  1279.31458   21.6970   22.3661   29.8088
  269.00  1278.39551   21.7155   22.3846   29.3072
  270.00  1277.60571   21.7315   22.4007   28.8761
  271.00  1277.18030   21.7403   22.4094   28.6439
  272.00  1276.92712   21.7456   22.4147   28.5057
  273.00  1276.46936   21.7551   22.4242   28.2559
  274.00  1276.10718   21.7627   22.4319   28.0582
  275.00  1276.08008   21.7633   22.4324   28.0434
  276.00  1275.97839   21.7655   22.4346   27.9879
  277.00  1275.65259   21.7724   22.4415   27.8101
  278.00  1275.34155   21.7790   22.4481   27.6403
  279.00  1274.62964   21.7944   22.4635   27.2518
  280.00  1274.27747   21.8021   22.4712   27.0595
  281.00  1274.49341   21.7974   22.4665   27.1774
  282.00  1274.94373   21.7876   22.4567   27.4232
  283.00  1275.61938   21.7731   22.4422   27.7920
  284.00  1274.50415   21.7971   22.4662   27.1833
  285.00  1273.02686   21.8298   22.4989   26.3770
  286.00  1272.84253   21.8340   22.5031   26.2763
  287.00  1272.47021   21.8424   22.5115   26.0731
  288.00  1271.98889   21.8534   22.5225   25.8104
  289.00  1271.45642   21.8657   22.5348   25.5198
  290.00  1271.25745   21.8703   22.5394   25.4112
  291.00  1271.07935   21.8745   22.5436   25.3140
  292.00  1271.10730   21.8738   22.5429   25.3292
  293.00  1271.86877   21.8562   22.5253   25.7449
  294.00  1271.38330   21.8674   22.5365   25.4799
  295.00  1270.71313   21.8831   22.5522   25.1141
  296.00  1270.77539   21.8816   22.5507   25.1481
  297.00  1270.64648   21.8847   22.5538   25.0777
  298.00  1270.95093   21.8775   22.5466   25.2439
  299.00  1272.27295   21.8469   22.5160   25.9655
  300.00  1271.84717   21.8567   22.5258   25.7331
  301.00  1270.54822   21.8870   22.5561   25.0241
  302.00  1269.65820   21.9083   22.5774   24.5383
  303.00  1270.13257   21.8969   22.5660   24.7972
  304.00  1270.55566   21.8868   22.5559   25.0282
  305.00  1269.72815   21.9066   22.5757   24.5765
  306.00  1269.16309   21.9203   22.5894   24.2681
  307.00  1269.01855   21.9238   22.5929   24.1892
  308.00  1268.92603   21.9261   22.5952   24.1387
  309.00  1269.20239   21.9193   22.5885   24.2895
  310.00  1268.76135   21.9302   22.5993   24.0488
  311.00  1268.46741   21.9374   22.6065   23.8884
  312.00  1268.67358   21.9323   22.6014   24.0009
  313.00  1268.12183   21.9460   22.6151   23.6998
  314.00  1267.40564   21.9641   22.6332   23.3089
  315.00  1268.31018   21.9413   22.6104   23.8026
  316.00  1269.07922   21.9224   22.5915   24.2223
  317.00  1267.21094   21.9690   22.6382   23.2026
  318.00  1265.94470   22.0019   22.6710   22.5115
  319.00  1265.39648   22.0164   22.6855   22.2123
  320.00  1265.33203   22.0181   22.6872   22.1771
  321.00  1265.97900   22.0010   22.6701   22.5302
  322.00  1265.65698   22.0095   22.6786   22.3544
  323.00  1264.42810   22.0426   22.7117   21.6837
  324.00  1263.88220   22.0576   22.7267   21.3858
  325.00  1263.44897   22.0696   22.7388   21.1493
  326.00  1263.56726   22.0663   22.7355   21.2139
  327.00  1263.86487   22.0581   22.7272   21.3763
  328.00  1263.99915   22.0543   22.7235   21.4496
  329.00  1263.58838   22.0658   22.7349   21.2254
  330.00  1262.87878   22.0857   22.7549   20.8381
  331.00  1262.49377   22.0967   22.7659   20.6280
  332.00  1262.04187   22.1098   22.7789   20.3813
  333.00  1261.89124   22.1142   22.7833   20.2991
  334.00  1261.92749   22.1131   22.7823   20.3189
  335.00  1261.80188   22.1168   22.7859   20.2503
  336.00  1261.84595   22.1155   22.7846   20.2744
  337.00  1262.23633   22.1042   22.7733   20.4874
  338.00  1262.97742   22.0829   22.7521   20.8919
  339.00  1263.08386   22.0799   22.7490   20.9500
  340.00  1262.11865   22.1076   22.7767   20.4232
  341.00  1261.78845   22.1172   22.7863   20.2430
  342.00  1261.72815   22.1190   22.7881   20.2101
  343.00  1261.82080   22.1163   22.7854   20.2606
  344.00  1261.56091   22.1239   22.7930   20.1188
  345.00  1261.81250   22.1165   22.7856   20.2561
  346.00  1262.17249   22.1060   22.7751   20.4526
  347.00  1262.54114   22.0954   22.7645   20.6538
  348.00  1262.47729   22.0972   22.7663   20.6190
  349.00  1262.41370   22.0991   22.7682   20.5843
  350.00  1262.88306   22.0856   22.7547   20.8404
  351.00  1263.66724   22.0636   22.7327   21.2684
  352.00  1262.66272   22.0919   22.7610   20.7202
  353.00  1261.73389   22.1188   22.7879   20.2132
  354.00  1260.43433   22.1576   22.8267   19.5039
  355.00  1260.02490   22.1701   22.8392   19.2804
  356.00  1260.01050   22.1705   22.8397   19.2726
  357.00  1259.77612   22.1778   22.8469   19.1447
  358.00  1259.57959   22.1839   22.8530   19.0374
  359.00  1259.51843   22.1858   22.8549   19.0040
  360.00  1259.76758   22.1780   22.8471   19.1400
  361.00  1259.95300   22.1723   22.8414   19.2412
  362.00  1259.46582   22.1874   22.8565   18.9753
  363.00  1259.34290   22.1913   22.8604   18.9082
  364.00  1259.65393   22.1816   22.8507   19.0780
  365.00  1260.17395   22.1655   22.8346   19.3618
  366.00  1259.99597   22.1710   22.8401   19.2647
  367.00  1259.38354   22.1900   22.8591   18.9304
  368.00  1259.35522   22.1909   22.8600   18.9149
  369.00  1259.44568   22.1880   22.8572   18.9643
  370.00  1259.55627   22.1846   22.8537   19.0247
  371.00  1259.66370   22.1813   22.8504   19.0833
  372.00  1261.01440   22.1401   22.8092   19.8205
  373.00  1260.46851   22.1565   22.8257   19.5226
  374.00  1258.91711   22.2047   22.8738   18.6758
  375.00  1258.90674   22.2050   22.8741   18.6701
  376.00  1258.45459   22.2195   22.8886   18.4234
  377.00  1257.97729   22.2349   22.9040   18.1628
  378.00  1258.19263   22.2279   22.8970   18.2804
  379.00  1259.01526   22.2016   22.8707   18.7294
  380.00  1258.56458   22.2159   22.8850   18.4834
  381.00  1258.07166   22.2319   22.9010   18.2144
  382.00  1258.01343   22.2338   22.9029   18.1826
  383.00  1257.55615   22.2488   22.9179   17.9330
  384.00  1258.24829   22.2261   22.8952   18.3108
  385.00  1257.97363   22.2350   22.9042   18.1609
  386.00  1257.40027   22.2539   22.9230   17.8479
  387.00  1257.33215   22.2562   22.9253   17.8107
  388.00  1257.54407   22.2492   22.9183   17.9264
  389.00  1257.56677   22.2484   22.9175   17.9388
  390.00  1257.70728   22.2438   22.9129   18.0155
  391.00  1257.42688   22.2530   22.9221   17.8624
  392.00  1257.60742   22.2471   22.9162   17.9610
  393.00  1257.96558   22.2353   22.9044   18.1565
  394.00  1257.48853   22.2510   22.9201   17.8961
  395.00  1257.95508   22.2357   22.9048   18.1507
  396.00  1258.24805   22.2261   22.8952   18.3106
  397.00  1257.23450   22.2594   22.9285   17.7574
  398.00  1256.75623   22.2755   22.9446   17.4964
  399.00  1256.89282   22.2709   22.9400   17.5709
  400.00  1257.13928   22.2626   22.9317   17.7055
  401.00  1258.18762   22.2281   22.8972   18.2776
  402.00  1258.47461   22.2188   22.8879   18.4343
  403.00  1257.58655   22.2478   22.9169   17.9496
  404.00  1256.52405   22.2834   22.9525   17.3697
  405.00  1256.34802   22.2894   22.9585   17.2736
  406.00  1255.96704   22.3026   22.9717   17.0656
  407.00  1255.75256   22.3101   22.9792   16.9486
  408.00  1255.61206   22.3150   22.9841   16.8719
  409.00  1255.65283   22.3135   22.9827   16.8942
  410.00  1255.74158   22.3104   22.9796   16.9426
  411.00  1255.86853   22.3060   22.9751   17.0119
  412.00  1256.34131   22.2897   22.9588   17.2699
  413.00  1256.18530   22.2950   22.9641   17.1848
  414.00  1255.77905   22.3091   22.9782   16.9630
  415.00  1255.81995   22.3077   22.9768   16.9854
  416.00  1256.20239   22.2944   22.9636   17.1941
  417.00  1256.63086   22.2798   22.9489   17.4280
  418.00  1256.14050   22.2966   22.9657   17.1603
  419.00  1256.47827   22.2850   22.9541   17.3447
  420.00  1257.48462   22.2511   22.9202   17.8939
  421.00  1258.22998   22.2267   22.8958   18.3008
  422.00  1256.00342   22.3013   22.9704   17.0855
  423.00  1255.43420   22.3212   22.9904   16.7748
  424.00  1255.44019   22.3210   22.9901   16.7781
  425.00  1255.19006   22.3299   22.9990   16.6416
  426.00  1254.84558   22.3422   23.0114   16.4536
  427.00  1254.84509   22.3423   23.0114   16.4533
  428.00  1255.63379   22.3142   22.9833   16.8838
  429.00  1255.83850   22.3071   22.9762   16.9955
  430.00  1254.86108   22.3417   23.0108   16.4620
  431.00  1254.66565   22.3487   23.0179   16.3553
  432.00  1254.27698   22.3629   23.0320   16.1432
  433.00  1254.46484   22.3560   23.0252   16.2457
  434.00  1254.24780   22.3640   23.0331   16.1273
  435.00  1254.08313   22.3701   23.0392   16.0374
  436.00  1254.03918   22.3717   23.0408   16.0134
  437.00  1253.78760   22.3810   23.0501   15.8761
  438.00  1253.74316   22.3827   23.0518   15.8518
  439.00  1254.02014   22.3724   23.0415   16.0030
  440.00  1254.10815   22.3691   23.0382   16.0511
  441.00  1255.17993   22.3303   22.9994   16.6360
  442.00  1255.46277   22.3202   22.9893   16.7904
  443.00  1253.79163   22.3809   23.0500   15.8783
  444.00  1253.33313   22.3981   23.0672   15.6281
  445.00  1253.14612   22.4052   23.0744   15.5260
  446.00  1253.05005   22.4089   23.0780   15.4735
  447.00  1253.78699   22.3811   23.0502   15.8758
  448.00  1254.23071   22.3646   23.0337   16.1180
  449.00  1253.13489   22.4057   23.0748   15.5199
  450.00  1253.00513   22.4106   23.0797   15.4490
  451.00  1252.92651   22.4137   23.0828   15.4061
  452.00  1252.72595   22.4214   23.0905   15.2967
  453.00  1252.68811   22.4229   23.0920   15.2760
  454.00  1252.68811   22.4229   23.0920   15.2760
  455.00  1252.48071   22.4309   23.1001   15.1628
  456.00  1252.67590   22.4233   23.0924   15.2693
  457.00  1253.19409   22.4034   23.0725   15.5522
  458.00  1253.46899   22.3930   23.0621   15.7022
  459.00  1252.74878   22.4205   23.0896   15.3091
  460.00  1252.50659   22.4299   23.0990   15.1769
  461.00  1252.70068   22.4224   23.0915   15.2829
  462.00  1253.36743   22.3968   23.0659   15.6468
  463.00  1252.57446   22.4273   23.0964   15.2140
  464.00  1252.39209   22.4344   23.1035   15.1144
  465.00  1252.46216   22.4317   23.1008   15.1527
  466.00  1252.60266   22.4262   23.0953   15.2294
  467.00  1252.77539   22.4195   23.0886   15.3236
  468.00  1252.53210   22.4289   23.0980   15.1908
  469.00  1252.87170   22.4158   23.0849   15.3762
  470.00  1252.25098   22.4400   23.1091   15.0374
  471.00  1251.59595   22.4661   23.1352   14.6799
  472.00  1251.30017   22.4781   23.1472   14.5185
  473.00  1251.27576   22.4791   23.1482   14.5051
  474.00  1251.18225   22.4829   23.1520   14.4541
  475.00  1251.41479   22.4734   23.1425   14.5810
  476.00  1251.60132   22.4659   23.1350   14.6828
  477.00  1251.74377   22.4601   23.1292   14.7606
  478.00  1251.53198   22.4687   23.1378   14.6450
  479.00  1251.66113   22.4635   23.1326   14.7155
  480.00  1251.71155   22.4614   23.1305   14.7430
  481.00  1251.28723   22.4786   23.1477   14.5114
  482.00  1251.20886   22.4818   23.1509   14.4686
  483.00  1251.09314   22.4866   23.1557   14.4055
  484.00  1250.98669   22.4910   23.1601   14.3474
  485.00  1250.93237   22.4932   23.1623   14.3177
  486.00  1251.06165   22.4879   23.1570   14.3883
  487.00  1250.72314   22.5019   23.1710   14.2035
  488.00  1250.64575   22.5051   23.1742   14.1613
  489.00  1250.66174   22.5045   23.1736   14.1700
  490.00  1250.83911   22.4971   23.1662   14.2668
  491.00  1250.81287   22.4982   23.1673   14.2525
  492.00  1250.90173   22.4945   23.1636   14.3010
  493.00  1250.76587   22.5001   23.1692   14.2268
  494.00  1250.88477   22.4952   23.1643   14.2917
  495.00  1250.64124   22.5053   23.1744   14.1588
  496.00  1250.32092   22.5188   23.1879   13.9840
  497.00  1250.33459   22.5182   23.1873   13.9914
  498.00  1250.30481   22.5195   23.1886   13.9752
  499.00  1250.19189   22.5243   23.1934   13.9136
  500.00  1250.72620   22.5018   23.1709   14.2052
  501.00  1251.18042   22.4830   23.1521   14.4531
  502.00  1250.54980   22.5092   23.1783   14.1089
  503.00  1250.68591   22.5035   23.1726   14.1832
  504.00  1250.78516   22.4993   23.1684   14.2374
  505.00  1250.50586   22.5110   23.1801   14.0849
  506.00  1250.54712   22.5093   23.1784   14.1074
  507.00  1250.71216   22.5024   23.1715   14.1975
  508.00  1251.51953   22.4692   23.1383   14.6382
  509.00  1251.62341   22.4650   23.1341   14.6949
  510.00  1250.93616   22.4930   23.1622   14.3198
